{
exit
gravity=3
bounce=1
bodyType=static
friction=0
radius=50
explosiveness=0
absorb=true
density=1000
angleforce=0
acidness=0
x=240
y=120.00015258789
width=99.999992370605
height=99.999992370605
rotation=0
gravityForce=999999999
imgname=exit.png
}
{
player
gravity=0
bounce=1
x=246.29100036621
y=355.91152954102
width=99.999992370605
height=99.999992370605
rotation=3.0378021165234e-006
imgname=player.png
radius=50
explosiveness=0
startObj=ast0
angleforce=0
acidness=0
friction=1
bodyType=dynamic
density=0.1
}
{
ast0
gravity=0
bounce=1
x=242.10372924805
y=478.71936035156
width=140.99990844727
height=140.99990844727
rotation=0.19932320713997
imgname=rock1.png
radius=70.5
explosiveness=0
angleforce=20
acidness=0
bodyType=dynamic
gravityForce=0.4
friction=1
density=50
}
